[2, 1, 0, 2, 1, 1, 0, 0, 0, 0, 0, 1, 0, 2, 1, 1, 1, 1, 0, 2, 0, 2, 0]
[1, 2, 2, 2, 0, 2, 0, 2, 1, 1, 1, 0, 2, 2, 0, 1, 1, 1, 2, 2, 0, 2, 2]
[0, 0, 1, 0, 0, 0, 2, 2, 1, 0, 2, 0, 1, 0, 1, 0, 1, 2, 1, 2, 2, 1, 0]
[2, 2, 0, 2, 2, 1, 1, 2, 0, 1, 2, 2, 1, 2, 0, 1, 0, 1, 0, 0, 1, 2, 2]
[0, 1, 2, 2, 0, 1, 2, 2, 0, 2, 0, 1, 0, 1, 1, 2, 2, 0, 2, 0, 2, 0, 1]
[2, 0, 0, 2, 1, 1, 1, 2, 2, 2, 2, 1, 2, 1, 1, 0, 1, 0, 2, 1, 1, 0, 0]
[1, 2, 1, 2, 1, 0, 2, 0, 0, 0, 0, 0, 1, 2, 2, 1, 0, 0, 0, 2, 2, 0, 0]
[0][0] 2
[0][1] 1
[0][2] 0
[0][3] 2
[0][4] 1
[0][5] 1
[0][6] 0
[0][7] 0
[0][8] 0
[0][9] 0
[0][10] 0
[0][11] 1
[0][12] 0
[0][13] 2
[0][14] 1
[0][15] 1
[0][16] 1
[0][17] 1
[0][18] 0
[0][19] 2
[0][20] 0
[0][21] 2
[0][22] 0
[1][0] 1
[1][1] 2
[1][2] 2
[1][3] 2
[1][4] 0
[1][5] 2
[1][6] 0
[1][7] 2
[1][8] 1
[1][9] 1
[1][10] 1
[1][11] 0
[1][12] 2
[1][13] 2
[1][14] 0
[1][15] 1
[1][16] 1
[1][17] 1
[1][18] 2
[1][19] 2
[1][20] 0
[1][21] 2
[1][22] 2
[2][0] 0
[2][1] 0
[2][2] 1
[2][3] 0
[2][4] 0
[2][5] 0
[2][6] 2
[2][7] 2
[2][8] 1
[2][9] 0
[2][10] 2
[2][11] 0
[2][12] 1
[2][13] 0
[2][14] 1
[2][15] 0
[2][16] 1
[2][17] 2
[2][18] 1
[2][19] 2
[2][20] 2
[2][21] 1
[2][22] 0
[3][0] 2
[3][1] 2
[3][2] 0
[3][3] 2
[3][4] 2
[3][5] 1
[3][6] 1
[3][7] 2
[3][8] 0
[3][9] 1
[3][10] 2
[3][11] 2
[3][12] 1
[3][13] 2
[3][14] 0
[3][15] 1
[3][16] 0
[3][17] 1
[3][18] 0
[3][19] 0
[3][20] 1
[3][21] 2
[3][22] 2
[4][0] 0
[4][1] 1
[4][2] 2
[4][3] 2
[4][4] 0
[4][5] 1
[4][6] 2
[4][7] 2
[4][8] 0
[4][9] 2
[4][10] 0
[4][11] 1
[4][12] 0
[4][13] 1
[4][14] 1
[4][15] 2
[4][16] 2
[4][17] 0
[4][18] 2
[4][19] 0
[4][20] 2
[4][21] 0
[4][22] 1
[5][0] 2
[5][1] 0
[5][2] 0
[5][3] 2
[5][4] 1
[5][5] 1
[5][6] 1
[5][7] 2
[5][8] 2
[5][9] 2
[5][10] 2
[5][11] 1
[5][12] 2
[5][13] 1
[5][14] 1
[5][15] 0
[5][16] 1
[5][17] 0
[5][18] 2
[5][19] 1
[5][20] 1
[5][21] 0
[5][22] 0
[6][0] 1
[6][1] 2
[6][2] 1
[6][3] 2
[6][4] 1
[6][5] 0
[6][6] 2
[6][7] 0
[6][8] 0
[6][9] 0
[6][10] 0
[6][11] 0
[6][12] 1
[6][13] 2
[6][14] 2
[6][15] 1
[6][16] 0
[6][17] 0
[6][18] 0
[6][19] 2
[6][20] 2
[6][21] 0
[6][22] 0